0000000010000000010000000000000
0111100010000000010000011111110
0100100010000000010000010000010
0100111111111111111111110000010
0100100000010000010010010000010
0100100000010000010010010000010
0111111110010011110010011111110
0000100010010010000010010000010
0000100010010010000010010000010
0111100011111111110011110011110
0100100010010000010010010010010
0100100010010000010010010010010
0100111110010000011110011110010
0100100000010000010000010000010
0100100000010000010000010000010
0100111110010000011110011110010
0100100010010000010010010010010
0100100010010000010010010010010
0111100011111111110011110011110
0000100010010010000010010000010
0000100010010010000010010000010
0111111110010011110010011111110
0100100000010000010010010000010
0100100000010000010010010000010
0100111111111111111111110000010
0100100010000000010000010000010
0111100010000000010000011111110
0000000010000000010000000000000