0100000000000000000000010000000
0100111111100111100000010011110
0100100000100100100000010010010
0100100000100100111111111110010
0100100111100100000010010000010
0100100100100100000010010000010
0111100100111111111110011111110
0000100100000001000010000010010
0000100100000001000010000010010
0111111111111111110010011110010
0100100000010000010010010010010
0100100000010000011111110010010
0100111110010000010000010011110
0100000010010000010000010000010
0100000010010000010000010000010
0100111110010000010000010011110
0100100000010000011111110010010
0100100000010000010010010010010
0111111111111111110010011110010
0000100100000001000010000010010
0000100100000001000010000010010
0111100100111111111110011111110
0100100100100100000010010000010
0100100111100100000010010000010
0100100000100100111111111110010
0100100000100100100000010010010
0100111111100111100000010011110
0100000000000000000000010000000