0000000001000000000000000000000
0111111001111111111110011111110
0100001001000010000010010010010
0100001001000010000011110010010
0100111111110011110010000010010
0100100000010010010010000010010
0100100000011110011111111111110
0100111110010000010000010000000
0100100010010000010000010000000
0111100011111111110011110011110
0000100010010000010010010010010
0000100010010000010010010010010
0111111110010000011110011110010
0100000010010000010000010000010
0100000010010000010000010000010
0111111110010000011110011110010
0000100010010000010010010010010
0000100010010000010010010010010
0111100011111111110011110011110
0100100010010000010000010000000
0100111110010000010000010000000
0100100000011110011111111111110
0100100000010010010010000010010
0100111111110011110010000010010
0100001001000010000011110010010
0100001001000010000010010010010
0111111001111111111110011111110
0000000001000000000000000000000
